2068	0002	CAS-01	0	1	450000
2069	0002	CAS-02	0	1	450000
2070	0002	CAS-03	0	2	550000
2071	0002	CAS-04	0	0	-232300
2072	0002	CAS-05	0	0	0
2073	0002	CAS-06	0	2	750000
2074	0002	CAS-07	0	0	-287935
2075	0002	CAS-08	0	0	-8786.82
2076	0002	CAS-09	0	2	750000
2077	0002	CAS-10	0	1	450000
2079	0002	CAS-12	0	1	450000
2080	0002	CAS-13	0	16	1211800
2081	0002	CAS-14	0	0	0
2082	0002	CAS-15	0	18	1131960
2083	0002	CAS-16	0	1	450000
2084	0002	CAS-17	0	16	1211800
2085	0002	CAS-18	0	1	450000
2086	0002	CAS-19	0	1	450000
2087	0002	CAS-20	0	1	450000
2088	0002	CAS-21	0	2	749635
2089	0002	CAS-22	0	0	0
2090	0002	CAS-23	0	0	-7
2091	0002	CAS-24	0	0	0
2092	0002	CAS-25	0	0	0
2093	0002	CAS-26	0	1	450000
2094	0002	CAS-27	0	1	450000
2095	0002	CAS-28	0	1	35
2120	0002	CEP-01	0	0	0
2121	0002	CEP-02	0	1	450000
2122	0002	CEP-03	0	1	449185.8
2123	0002	CEP-04	0	2	750000
2124	0002	CEP-05	0	1	20000
2125	0002	CEP-06	0	0	0
2048	0002	CER-011	0	0	0
2049	0002	CER-021	0	0	0
2050	0002	CER-031	0	0	0
2051	0002	CER-041	0	0	0
2052	0002	CER-051	0	0	0
2257	0002	CER-07	0	0	0
2039	0002	CLN-01	0	2	660000
2040	0002	CLN-02	0	1	450000
2041	0002	CLN-03	0	1	450000
2042	0002	CLN-04	0	0	0
2043	0002	CLN-05	0	2	750000
2044	0002	CLN-06	0	4	950000
2045	0002	CLN-07	0	0	0
2046	0002	CLN-08	0	0	0
2047	0002	CLN-09	0	1	450000
2054	0002	CLS-01	0	0	-471115.2
2055	0002	CLS-02	0	1	450000
2056	0002	CLS-03	0	18	1211937
2057	0002	CLS-04	0	2	750000
2058	0002	CLS-05	0	0	-85808.26
2059	0002	CLS-06	0	0	-130000
2162	0002	CM2-02	0	1	450000
2163	0002	CM2-03	0	1	450000
2164	0002	CM2-04	0	2	750000
2165	0002	CM2-05	0	1	450000
2166	0002	CM2-06	0	3	869486.96
2167	0002	CM2-07	0	2	549891
2168	0002	CM2-08	0	6	1059499.98
2169	0002	CM2-09	0	1	450000
2170	0002	CM2-10	0	0	-250000
2171	0002	CM2-11	0	1	450000
2172	0002	CM2-12	0	1	450000
2173	0002	CM2-13	0	1	450000
2150	0002	CM3-01	0	0	0
2151	0002	CM3-02	0	2	570870.8
2152	0002	CM3-03	0	3	825000
2153	0002	CM3-04	0	1	450000
2154	0002	CM3-05	0	0	0
2155	0002	CM3-06	0	28	1211987.04
2156	0002	CM3-07	0	37	1211987.02
2157	0002	CM3-08	0	0	0
2158	0002	CM3-09	0	1	450000
2160	0002	CM3-10	0	4	950000
2126	0002	CNU-01	0	0	0
2127	0002	CNU-02	0	1	450000
2128	0002	CNU-03	0	2	505000
2130	0002	CNU-05	0	2	505000
2132	0002	CNU-07	0	0	0
2133	0002	CNU-08	0	1	450000
2134	0002	CNU-09	0	19	1211960
2135	0002	CNU-10	0	1	400000
2136	0002	CNU-11	0	8	1164000
2175	0002	COR-02	0	29	1211986.98
2177	0002	COR-04	0	20	1211978
2178	0002	COR-05	0	37	1211987.84
2179	0002	COR-06	0	28	1211986.98
2180	0002	COR-07	0	37	1211987.92
2181	0002	COR-08	0	0	-75000.08
2182	0002	COR-09	0	29	1211986.98
2183	0002	COR-10	0	23	1211984.38
2184	0002	COR-11	0	37	1211987.92
2185	0002	COR-12	0	7	1131483.8
2186	0002	COR-13	0	6	1100000
2187	0002	COR-14	0	26	1211986.8
2188	0002	COR-15	0	2	750000
2189	0002	COR-16	0	1	450000
2190	0002	COR-17	0	23	1211984.05
2191	0002	COR-18	0	1	450000
2192	0002	COR-19	0	17	1211900
2193	0002	COR-20	0	37	1211987.92
2194	0002	COR-21	0	37	1211987.92
2195	0002	COR-22	0	2	749987.74
2196	0002	COR-23	0	5	1030000
2197	0002	COR-24	0	1	135000
2198	0002	COR-25	0	26	1211986.74
2200	0002	COR-27	0	37	1211987.92
2201	0002	COR-28	0	1	450000
2202	0002	COR-29	0	1	450000
2203	0002	COR-30	0	26	1211985.8
2205	0002	COR-32	0	26	1211986.77
2206	0002	COR-33	0	2	459000
2207	0002	COR-34	0	21	1211982
2208	0002	COR-35	0	19	1211960
2210	0002	COR-37	0	24	1211985.1
2211	0002	COR-38	0	13	1209000
2213	0002	COR-40	0	22	1211983.5
2214	0002	COR-41	0	0	0
2215	0002	COR-42	0	37	1211987.92
2216	0002	COR-43	0	3	500000
2217	0002	COR-44	0	21	1211980.8
2218	0002	COR-45	0	37	1211987.92
2220	0002	COR-47	0	25	1211985.8
2223	0002	COR-50	0	3	870000
2227	0002	COR-54	0	7	1109000
2228	0002	COR-55	0	25	1211982.8
2229	0002	COR-56	0	1	450000
2230	0002	COR-57	0	0	0
2231	0002	COR-58	0	24	1211985.5
2232	0002	COR-59	0	4	916480.18
2233	0002	COR-60	0	1	450000
2234	0002	COR-61	0	26	1211986.8
2235	0002	COR-62	0	27	1211986.86
2236	0002	COR-63	0	1	450000
2237	0002	COR-64	0	4	950000
2238	0002	COR-65	0	29	1211986.98
2239	0002	COR-66	0	2	530000
2240	0002	COR-67	0	3	870000
2241	0002	COR-68	0	26	1211986.6
2242	0002	COR-69	0	26	1211986.7
2245	0002	COR-72	0	34	1211987.74
2246	0002	COR-73	0	22	1211984
2247	0002	COR-74	0	30	1211987.44
2248	0002	COR-75	0	2	749979.4
2249	0002	COR-76	0	16	1211800
2138	0002	CPL-01	0	1	450000
2139	0002	CPL-02	0	0	0
2140	0002	CPL-03	0	1	450000
2096	0002	CRP-01	0	0	0
2097	0002	CRP-02	0	1	450000
2098	0002	CRP-03	0	1	450000
2099	0002	CRP-04	0	37	1211987.89
2100	0002	CRP-05	0	13	1208900
2101	0002	CRP-06	0	0	0
2102	0002	CRP-07	0	1	450000
2103	0002	CRP-08	0	1	450000
2105	0002	CRP-10	0	2	750000
2106	0002	CRP-11	0	26	1211986.68
2107	0002	CRP-12	0	0	0
2108	0002	CRP-13	0	10	1171000
2109	0002	CRP-14	0	35	1211986.92
2110	0002	CRP-15	0	6	1100000
2111	0002	CRP-16	0	0	-64000
2112	0002	CRP-17	0	37	1211987.92
2113	0002	CRP-18	0	2	750000
2114	0002	CRP-19	0	1	449999.92
2115	0002	CRP-20	0	6	1100000
2116	0002	CRP-21	0	22	1211982.96
2117	0002	CRP-22	0	3	870000
2118	0002	CRP-23	0	0	0
2119	0002	CRP-24	0	2	750000
2250	0002	OTR-01	0	0	-664.9
2251	0002	OTR-02	0	2	750000
2060	0002	P32-01	0	1	450000
2061	0002	P32-02	0	4	870000.1
2062	0002	P32-03	0	1	450000
2063	0002	P32-04	0	1	450000
2064	0002	P32-05	0	1	450000
2067	0002	P32-08	0	2	200000
2001	0002	PAL-01	0	1	450000
2002	0002	PAL-02	0	1	450000
2003	0002	PAL-03	0	0	0
2004	0002	PAL-04	0	1	450000
2005	0002	PAL-05	0	2	750000
2006	0002	PAL-06	0	1	450000
2007	0002	PAL-07	0	2	750000
2008	0002	PAL-08	0	15	1211300
2011	0002	PAL-11	0	0	0
2012	0002	PAL-12	0	2	750000
2015	0002	PAL-15	0	1	450000
2016	0002	PAL-16	0	1	450000
2017	0002	PAL-17	0	1	450000
2018	0002	PAL-18	0	1	450000
2020	0002	PAL-20	0	0	0
2021	0002	TCR-01	0	0	0
2022	0002	TCR-02	0	0	0
2023	0002	TCR-03	0	1	450000
2025	0002	TCR-05	0	1	450000
2026	0002	TCR-06	0	0	0
2027	0002	TCR-07	0	0	0
2028	0002	TCR-08	0	7	1140000
2029	0002	TCR-09	0	18	1211935
2031	0002	TCR-11	0	1	450000
2032	0002	TCR-12	0	0	0
2033	0002	TCR-13	0	0	0
2034	0002	TCR-14	0	1	450000
2035	0002	TCR-15	0	0	0
2036	0002	TCR-16	0	4	902500
2037	0002	TCR-17	0	9	1180000
2038	0002	TCR-18	0	5	1030000
2141	0002	VDP-01	0	0	0
2142	0002	VDP-02	0	0	-120410.71
2143	0002	VDP-03	0	1	450000
2144	0002	VDP-04	0	1	450000
2145	0002	VDP-05	0	1	450000
2146	0002	VDP-06	0	2	630000
2148	0002	VDP-08	0	1	450000
2149	0002	VDP-09	0	37	1211987.92
2255	0002	VDP-10	0	2	750000
2256	0002	VDP-11	0	2	750000
2254	0002	VDP-12	0	0	0
31013	0003	CAS-01	0	4	28
31014	0003	CAS-02	0	0	0
31015	0003	CAS-03	0	2	8
31016	0003	CAS-04	0	0	-0.94
31017	0003	CAS-05	0	0	0
31018	0003	CAS-06	0	4	28
31019	0003	CAS-07	0	0	0
31020	0003	CAS-08	0	0	0
31021	0003	CAS-09	0	0	0
31022	0003	CAS-10	0	2	14
31024	0003	CAS-12	0	3	21
31025	0003	CAS-13	0	4	41
31026	0003	CAS-14	0	0	-21
31027	0003	CAS-15	0	4	41
31028	0003	CAS-16	0	4	28
31029	0003	CAS-17	0	4	25
31030	0003	CAS-18	0	2	13
31031	0003	CAS-19	0	1	7
31032	0003	CAS-20	0	1	7
31033	0003	CAS-21	0	5	33
31034	0003	CAS-22	0	0	0
31035	0003	CAS-23	0	3	21
31036	0003	CAS-24	0	3	21
31037	0003	CAS-25	0	1	7
31038	0003	CAS-26	0	2	14
31039	0003	CAS-27	0	1	7
31040	0003	CAS-28	0	3	21
31041	0003	CEP-01	0	1	7
31042	0003	CEP-02	0	1	7
31043	0003	CEP-03	0	2	8.22
31044	0003	CEP-04	0	2	13
31045	0003	CEP-05	0	3	21
31046	0003	CEP-06	0	1	7
31047	0003	CER-02	0	2	14
31048	0003	CER-03	0	1	7
31049	0003	CER-04	0	3	21
31050	0003	CER-05	0	3	14.3
31051	0003	CER-06	0	1	6.15
31052	0003	CER-01	0	3	21
31053	0003	CLN-01	0	3	21
31054	0003	CLN-02	0	1	7
31055	0003	CLN-03	0	0	0
31056	0003	CLN-04	0	3	21
31057	0003	CLN-05	0	5	33
31058	0003	CLN-06	0	1	7
31059	0003	CLN-07	0	0	0
31060	0003	CLN-08	0	3	21
31061	0003	CLN-09	0	0	-20
31062	0003	CLS-01	0	0	-6
31063	0003	CLS-02	0	4	28
31064	0003	CLS-03	0	4	41
31065	0003	CLS-04	0	2	14
31066	0003	CLS-05	0	3	14.51
31067	0003	CLS-06	0	2	11
31068	0003	EM2-01	0	4	41
31069	0003	EM2-02	0	1	7
31070	0003	EM2-03	0	4	28
31071	0003	EM2-04	0	5	33
31072	0003	EM2-05	0	1	7
31073	0003	EM2-06	0	6	38
31074	0003	EM2-07	0	4	23
31075	0003	EM2-08	0	9	45
31076	0003	EM2-09	0	4	28
31077	0003	EM2-10	0	2	11
31078	0003	EM2-11	0	2	14
31079	0003	EM2-12	0	4	28
31080	0003	EM2-13	0	4	28
31081	0003	EM3-01	0	2	14
31082	0003	EM3-02	0	1	3
31083	0003	EM3-03	0	5	35
31084	0003	EM3-04	0	4	28
31085	0003	EM3-05	0	3	21
31086	0003	EM3-06	0	4	41
31087	0003	EM3-07	0	4	41
31088	0003	EM3-08	0	0	0
31089	0003	EM3-09	0	1	7
31090	0003	EM3-10	0	7	41
31091	0003	CNU-01	0	0	0
31092	0003	CNU-02	0	1	7
31093	0003	CNU-03	0	1	7
31094	0003	CNU-04	0	4	41
31095	0003	CNU-05	0	1	7
31097	0003	CNU-07	0	1	7
31098	0003	CNU-08	0	3	18
31099	0003	CNU-09	0	4	41
31100	0003	CNU-10	0	0	0
31101	0003	CNU-11	0	4	41
31102	0003	COR-01	0	4	41
31103	0003	COR-02	0	4	41
31104	0003	COR-03	0	4	41
31105	0003	COR-04	0	4	41
31106	0003	COR-05	0	4	41
31107	0003	COR-06	0	4	41
31108	0003	COR-07	0	4	41
31109	0003	COR-08	0	1	7
31110	0003	COR-09	0	4	41
31111	0003	COR-10	0	4	41
31112	0003	COR-11	0	4	41
31113	0003	COR-12	0	4	41
31114	0003	COR-13	0	4	41
31115	0003	COR-14	0	4	41
31116	0003	COR-15	0	5	33
31117	0003	COR-16	0	1	7
31118	0003	COR-17	0	4	41
31119	0003	COR-18	0	3	15
31120	0003	COR-19	0	4	41
31121	0003	COR-20	0	4	41
31122	0003	COR-21	0	4	41
31123	0003	COR-22	0	5	33
31124	0003	COR-23	0	1	2
31125	0003	COR-24	0	0	0
31126	0003	COR-25	0	4	41
31128	0003	COR-27	0	4	41
31129	0003	COR-28	0	3	21
31130	0003	COR-29	0	2	8
31131	0003	COR-30	0	4	41
31133	0003	COR-32	0	4	41
31134	0003	COR-33	0	4	28
31135	0003	COR-34	0	3	21
31136	0003	COR-35	0	4	41
31137	0003	COR-36	0	4	41
31138	0003	COR-37	0	4	41
31139	0003	COR-38	0	4	41
31141	0003	COR-40	0	4	41
31142	0003	COR-41	0	2	14
31143	0003	COR-42	0	4	41
31144	0003	COR-43	0	3	19
31145	0003	COR-44	0	4	41
31146	0003	COR-45	0	4	41
31148	0003	COR-47	0	4	41
31151	0003	COR-50	0	6	36
31155	0003	COR-54	0	4	41
31156	0003	COR-55	0	4	41
31157	0003	COR-56	0	1	7
31158	0003	COR-57	0	3	21
31159	0003	COR-58	0	4	41
31160	0003	COR-59	0	8	41
31161	0003	COR-60	0	4	28
31162	0003	COR-61	0	4	41
31163	0003	COR-62	0	4	41
31164	0003	COR-63	0	2	14
31165	0003	COR-64	0	3	21
31166	0003	COR-65	0	4	41
31167	0003	COR-66	0	4	25
31168	0003	COR-67	0	6	36
31169	0003	COR-68	0	4	41
31170	0003	COR-69	0	4	41
31173	0003	COR-72	0	4	41
31174	0003	COR-73	0	4	41
31175	0003	COR-74	0	4	41
31176	0003	COR-75	0	5	33
31177	0003	COR-76	0	4	41
31178	0003	CPL-01	0	4	28
31179	0003	CPL-02	0	1	7
31180	0003	CPL-03	0	4	28
31181	0003	CRP-01	0	3	21
31182	0003	CRP-02	0	2	14
31183	0003	CRP-03	0	4	28
31184	0003	CRP-04	0	4	41
31185	0003	CRP-05	0	4	41
31186	0003	CRP-06	0	1	7
31187	0003	CRP-07	0	3	21
31188	0003	CRP-08	0	1	7
31190	0003	CRP-10	0	0	0
31191	0003	CRP-11	0	4	41
31192	0003	CRP-12	0	2	14
31193	0003	CRP-13	0	4	41
31194	0003	CRP-14	0	4	41
31195	0003	CRP-15	0	1	4
31196	0003	CRP-16	0	0	0
31197	0003	CRP-17	0	4	41
944178	0003	CRP-18	0	1	1
31199	0003	CRP-19	0	1	7
31200	0003	CRP-20	0	4	41
31201	0003	CRP-21	0	4	41
31202	0003	CRP-22	0	6	36
31203	0003	CRP-23	0	2	14
31204	0003	CRP-24	0	4	28
31205	0003	OTR-01	0	0	0
31206	0003	OTR-02	0	3	21
31207	0003	P32-01	0	4	28
31208	0003	P32-02	0	6	36
31209	0003	P32-03	0	2	14
31210	0003	P32-04	0	2	8
31211	0003	P32-05	0	2	14
31212	0003	P32-06	0	4	41
31215	0003	PAL-01	0	4	28
31216	0003	PAL-02	0	4	28
31217	0003	PAL-03	0	3	21
31218	0003	PAL-04	0	2	14
31219	0003	PAL-05	0	5	33
31220	0003	PAL-06	0	1	7
31221	0003	PAL-07	0	5	33
31222	0003	PAL-08	0	4	28
31224	0003	PAL-10	0	4	41
31225	0003	PAL-11	0	1	7
31226	0003	PAL-12	0	5	33
31229	0003	PAL-15	0	3	21
31230	0003	PAL-16	0	4	28
31231	0003	PAL-17	0	4	28
31232	0003	PAL-18	0	1	1
31233	0003	PAL-19	0	4	41
31234	0003	PAL-20	0	1	7
31235	0003	TCR-01	0	1	7
31236	0003	TCR-02	0	0	0
31237	0003	TCR-03	0	4	28
31239	0003	TCR-05	0	0	0
31240	0003	TCR-06	0	0	0
31241	0003	TCR-07	0	0	0
31242	0003	TCR-08	0	4	41
31243	0003	TCR-09	0	4	41
31245	0003	TCR-11	0	3	21
31246	0003	TCR-12	0	1	7
31247	0003	TCR-13	0	3	21
31248	0003	TCR-14	0	1	7
31249	0003	TCR-15	0	2	14
31250	0003	TCR-16	0	7	38
31251	0003	TCR-17	0	4	41
31252	0003	TCR-18	0	3	34
31254	0003	VDP-01	0	3	21
31255	0003	VDP-02	0	2	14
31256	0003	VDP-03	0	1	7
31257	0003	VDP-04	0	1	7
31258	0003	VDP-05	0	1	7
31259	0003	VDP-06	0	0	0
31260	0003	VDP-07	0	4	41
31261	0003	VDP-08	0	4	28
31262	0003	VDP-09	0	4	41
31263	0003	VDP-10	0	3	21
31264	0003	VDP-11	0	5	33
31265	0003	VDP-12	0	0	0
